worker_id,flesch_code,org_coded,trust,party_coded,gender_coded,age_coded,voting4_coded,candidate_coded,disclose_source
36858304,-1,3,0,1,2,1,1,2,0
36858304,0,3,1,1,2,1,1,3,0
36858304,0,3,2,1,2,1,1,1,0
36858304,1,1,1,1,2,1,1,3,0
36858304,-1,3,1,1,2,1,1,1,0
28081782,-1,3,-1,2,2,1,2,2,0
28081782,0,3,0,2,2,1,2,3,0
28081782,0,3,-1,2,2,1,2,1,0
28081782,1,1,-1,2,2,1,2,3,0
28081782,-1,3,0,2,2,1,2,1,0
32424428,-1,3,1,1,2,1,1,2,0
32424428,0,3,1,1,2,1,1,3,0
32424428,0,3,0,1,2,1,1,1,0
32424428,1,1,0,1,2,1,1,3,0
32424428,-1,3,0,1,2,1,1,1,0
37078496,-1,3,1,2,2,1,2,2,0
37078496,0,3,0,2,2,1,2,3,0
37078496,0,3,0,2,2,1,2,1,0
37078496,1,1,0,2,2,1,2,2,0
37078496,1,2,1,2,2,1,2,3,0
35959061,-1,3,0,2,1,1,2,2,0
35959061,0,3,1,2,1,1,2,3,0
35959061,0,3,0,2,1,1,2,1,0
35959061,1,1,1,2,1,1,2,2,0
35959061,1,2,1,2,1,1,2,3,0
34938843,-1,3,2,1,2,1,1,2,0
34938843,0,3,2,1,2,1,1,3,0
34938843,0,3,2,1,2,1,1,1,0
34938843,1,1,2,1,2,1,1,2,0
34938843,1,2,2,1,2,1,1,3,0
36747744,0,5,2,2,2,1,4,2,0
36747744,1,1,2,2,2,1,4,4,0
36747744,1,3,2,2,2,1,4,2,0
36747744,1,1,0,2,2,1,4,4,0
36747744,0,3,1,2,2,1,4,3,0
36296882,0,5,1,3,1,1,2,2,0
36296882,1,1,0,3,1,1,2,4,0
36296882,1,3,-1,3,1,1,2,2,0
36296882,1,1,0,3,1,1,2,4,0
36296882,0,3,0,3,1,1,2,3,0
21678835,0,5,1,1,2,2,3,2,0
21678835,1,1,0,1,2,2,3,4,0
21678835,1,3,1,1,2,2,3,2,0
21678835,1,1,-1,1,2,2,3,4,0
21678835,0,3,0,1,2,2,3,3,0
29571331,-1,4,2,3,2,1,6,2,0
29571331,1,2,2,3,2,1,6,1,0
29571331,0,3,2,3,2,1,6,1,0
29571331,0,2,0,3,2,1,6,1,0
29571331,-1,3,0,3,2,1,6,1,0
27914150,-1,4,1,4,1,1,6,2,0
27914150,1,2,-1,4,1,1,6,1,0
27914150,0,3,0,4,1,1,6,1,0
27914150,0,2,0,4,1,1,6,1,0
27914150,-1,3,0,4,1,1,6,1,0
37198978,-1,4,-2,3,1,2,3,2,0
37198978,1,2,-1,3,1,2,3,1,0
37198978,0,3,-1,3,1,2,3,1,0
37198978,0,2,2,3,1,2,3,1,0
37198978,-1,3,-1,3,1,2,3,1,0
25111984,0,1,1,3,1,3,1,4,0
25111984,-1,4,2,3,1,3,1,3,0
25111984,0,2,0,3,1,3,1,2,0
25111984,0,1,1,3,1,3,1,2,0
25111984,1,4,2,3,1,3,1,1,0
36517633,0,1,1,3,1,1,1,4,0
36517633,-1,4,2,3,1,1,1,3,0
36517633,0,2,2,3,1,1,1,2,0
36517633,0,1,2,3,1,1,1,2,0
36517633,1,4,2,3,1,1,1,1,0
16468100,0,1,1,2,1,1,4,4,0
16468100,-1,4,1,2,1,1,4,3,0
16468100,0,2,1,2,1,1,4,2,0
16468100,0,1,1,2,1,1,4,2,0
16468100,1,4,0,2,1,1,4,1,0
32672123,0,4,1,1,2,2,1,3,0
32672123,-1,4,1,1,2,2,1,3,0
32672123,0,3,1,1,2,2,1,3,0
32672123,1,1,0,1,2,2,1,4,0
32672123,1,1,0,1,2,2,1,1,0
18386513,0,4,0,2,1,2,4,3,0
18386513,-1,4,1,2,1,2,4,3,0
18386513,0,3,1,2,1,2,4,3,0
18386513,1,1,1,2,1,2,4,4,0
18386513,1,1,1,2,1,2,4,1,0
7333195,0,4,1,3,1,2,4,3,0
7333195,-1,4,1,3,1,2,4,3,0
7333195,0,3,1,3,1,2,4,3,0
7333195,1,1,0,3,1,2,4,4,0
7333195,1,1,1,3,1,2,4,1,0
33280016,0,1,1,1,1,1,7,4,0
33280016,-1,3,-1,1,1,1,7,4,0
33280016,-1,3,0,1,1,1,7,4,0
33280016,1,1,0,1,1,1,7,4,0
33280016,1,2,1,1,1,1,7,2,0
25955589,0,1,1,1,1,2,6,4,0
25955589,-1,3,0,1,1,2,6,4,0
25955589,-1,3,0,1,1,2,6,4,0
25955589,1,1,0,1,1,2,6,4,0
25955589,1,2,0,1,1,2,6,2,0
18053528,0,1,0,4,2,2,7,4,0
18053528,-1,3,0,4,2,2,7,4,0
18053528,-1,3,0,4,2,2,7,4,0
18053528,1,1,0,4,2,2,7,4,0
18053528,1,2,0,4,2,2,7,2,0
32641084,-1,4,-1,3,2,1,1,4,0
32641084,-1,3,1,3,2,1,1,3,0
32641084,-1,3,0,3,2,1,1,4,0
32641084,0,1,1,3,2,1,1,4,0
32641084,1,1,2,3,2,1,1,2,0
36461899,-1,4,0,2,2,1,2,4,0
36461899,-1,3,0,2,2,1,2,3,0
36461899,-1,3,0,2,2,1,2,4,0
36461899,0,1,0,2,2,1,2,4,0
36461899,1,1,1,2,2,1,2,2,0
7876293,-1,4,1,1,1,3,1,4,0
7876293,-1,3,1,1,1,3,1,3,0
7876293,-1,3,-2,1,1,3,1,4,0
7876293,0,1,1,1,1,3,1,4,0
7876293,1,1,1,1,1,3,1,2,0
27770607,-1,3,2,2,2,2,5,4,0
27770607,-1,4,2,2,2,2,5,4,0
27770607,-1,4,2,2,2,2,5,3,0
27770607,0,1,1,2,2,2,5,4,0
27770607,1,2,1,2,2,2,5,1,0
11102360,-1,3,1,4,2,3,1,4,0
11102360,-1,4,1,4,2,3,1,4,0
11102360,-1,4,1,4,2,3,1,3,0
11102360,0,1,1,4,2,3,1,4,0
11102360,1,2,0,4,2,3,1,1,0
9559045,-1,3,0,2,1,2,4,4,0
9559045,-1,4,1,2,1,2,4,4,0
9559045,-1,4,1,2,1,2,4,3,0
9559045,0,1,1,2,1,2,4,4,0
9559045,1,2,1,2,1,2,4,1,0
11106820,-1,3,1,1,1,3,3,2,0
11106820,0,1,1,1,1,3,3,4,0
11106820,1,1,1,1,1,3,3,1,0
11106820,-1,3,1,1,1,3,3,4,0
11106820,-1,3,1,1,1,3,3,1,0
36187807,-1,3,0,1,1,2,1,2,0
36187807,0,1,0,1,1,2,1,4,0
36187807,1,1,0,1,1,2,1,1,0
36187807,-1,3,0,1,1,2,1,4,0
36187807,-1,3,0,1,1,2,1,1,0
31906954,-1,3,0,1,2,2,3,2,0
31906954,0,1,1,1,2,2,3,4,0
31906954,1,1,1,1,2,2,3,1,0
31906954,-1,3,1,1,2,2,3,4,0
31906954,-1,3,1,1,2,2,3,1,0
36603404,1,2,1,4,2,2,4,4,0
36603404,1,1,2,4,2,2,4,4,0
36603404,0,3,-1,4,2,2,4,2,0
36603404,0,3,1,4,2,2,4,4,0
36603404,0,1,0,4,2,2,4,1,0
32916723,1,2,0,2,1,2,6,4,0
32916723,1,1,0,2,1,2,6,4,0
32916723,0,3,1,2,1,2,6,2,0
32916723,0,3,1,2,1,2,6,4,0
32916723,0,1,0,2,1,2,6,1,0
24170547,1,2,1,3,2,4,2,4,0
24170547,1,1,0,3,2,4,2,4,0
24170547,0,3,0,3,2,4,2,2,0
24170547,0,3,0,3,2,4,2,4,0
24170547,0,1,1,3,2,4,2,1,0
36313064,-1,4,-1,1,2,1,3,1,0
36313064,0,3,-1,1,2,1,3,2,0
36313064,1,5,1,1,2,1,3,1,0
36313064,-1,3,0,1,2,1,3,1,0
36313064,-1,4,-1,1,2,1,3,1,0
2034278,-1,4,0,3,2,2,2,1,0
2034278,0,3,-1,3,2,2,2,2,0
2034278,1,5,-1,3,2,2,2,1,0
2034278,-1,3,0,3,2,2,2,1,0
2034278,-1,4,1,3,2,2,2,1,0
6579519,-1,4,0,1,1,2,1,1,0
6579519,0,3,0,1,1,2,1,2,0
6579519,1,5,1,1,1,2,1,1,0
6579519,-1,3,1,1,1,2,1,1,0
6579519,-1,4,1,1,1,2,1,1,0
33935063,1,1,0,1,1,2,3,3,0
33935063,1,1,0,1,1,2,3,3,0
33935063,-1,3,0,1,1,2,3,1,0
33935063,0,1,0,1,1,2,3,2,0
33935063,0,3,0,1,1,2,3,3,0
36807032,1,1,1,2,2,1,2,3,0
36807032,1,1,2,2,2,1,2,3,0
36807032,-1,3,2,2,2,1,2,1,0
36807032,0,1,0,2,2,1,2,2,0
36807032,0,3,1,2,2,1,2,3,0
35701460,1,1,0,1,1,2,1,3,0
35701460,1,1,1,1,1,2,1,3,0
35701460,-1,3,0,1,1,2,1,1,0
35701460,0,1,0,1,1,2,1,2,0
35701460,0,3,0,1,1,2,1,3,0
36263705,-1,3,0,4,2,2,3,2,0
36263705,0,3,-2,4,2,2,3,4,0
36263705,1,1,1,4,2,2,3,3,0
36263705,0,4,-1,4,2,2,3,3,0
36263705,-1,3,-1,4,2,2,3,2,0
31063905,-1,3,2,1,1,1,3,2,0
31063905,0,3,2,1,1,1,3,4,0
31063905,1,1,1,1,1,1,3,3,0
31063905,0,4,-1,1,1,1,3,3,0
31063905,-1,3,1,1,1,1,3,2,0
36871506,-1,3,0,3,2,1,3,2,0
36871506,0,3,1,3,2,1,3,4,0
36871506,1,1,1,3,2,1,3,3,0
36871506,0,4,1,3,2,1,3,3,0
36871506,-1,3,1,3,2,1,3,2,0
33245009,-1,3,0,3,1,2,3,4,0
33245009,-1,1,0,3,1,2,3,4,0
33245009,-1,4,1,3,1,2,3,4,0
33245009,0,3,1,3,1,2,3,4,0
33245009,1,1,1,3,1,2,3,2,0
22345789,-1,3,1,3,1,3,5,4,0
22345789,-1,1,2,3,1,3,5,4,0
22345789,-1,4,2,3,1,3,5,4,0
22345789,0,3,0,3,1,3,5,4,0
22345789,1,1,1,3,1,3,5,2,0
33345368,-1,3,1,1,1,1,1,4,0
33345368,-1,1,0,1,1,1,1,4,0
33345368,-1,4,0,1,1,1,1,4,0
33345368,0,3,1,1,1,1,1,4,0
33345368,1,1,0,1,1,1,1,2,0
36737825,-1,3,0,2,1,1,2,4,0
36737825,-1,3,1,2,1,1,2,2,0
36737825,-1,4,0,2,1,1,2,2,0
36737825,1,1,-1,2,1,1,2,4,0
36737825,1,3,0,2,1,1,2,3,0
29936162,-1,3,1,3,2,1,7,4,0
29936162,-1,3,1,3,2,1,7,2,0
29936162,-1,4,1,3,2,1,7,2,0
29936162,1,1,1,3,2,1,7,4,0
29936162,1,3,1,3,2,1,7,3,0
33591819,-1,3,2,1,2,1,1,4,0
33591819,-1,3,0,1,2,1,1,2,0
33591819,-1,4,2,1,2,1,1,2,0
33591819,1,1,1,1,2,1,1,4,0
33591819,1,3,2,1,2,1,1,3,0
34178978,1,1,2,1,2,1,2,2,0
34178978,-1,4,2,1,2,1,2,1,0
34178978,0,3,2,1,2,1,2,3,0
34178978,1,2,1,1,2,1,2,2,0
34178978,1,3,2,1,2,1,2,2,0
1944668,1,1,1,3,1,4,4,2,0
1944668,-1,4,1,3,1,4,4,1,0
1944668,0,3,1,3,1,4,4,3,0
1944668,1,2,0,3,1,4,4,2,0
1944668,1,3,1,3,1,4,4,2,0
30513549,1,1,2,2,2,2,4,2,0
30513549,-1,4,2,2,2,2,4,1,0
30513549,0,3,2,2,2,2,4,3,0
30513549,1,2,2,2,2,2,4,2,0
30513549,1,3,2,2,2,2,4,2,0
9383666,1,1,1,2,2,3,5,4,0
9383666,0,3,1,2,2,3,5,1,0
9383666,1,5,1,2,2,3,5,4,0
9383666,-1,3,-1,2,2,3,5,3,0
9383666,0,1,0,2,2,3,5,2,0
21088425,1,1,1,1,1,3,1,4,0
21088425,0,3,1,1,1,3,1,1,0
21088425,1,5,1,1,1,3,1,4,0
21088425,-1,3,0,1,1,3,1,3,0
21088425,0,1,1,1,1,3,1,2,0
35242242,1,1,1,3,1,2,3,4,0
35242242,0,3,1,3,1,2,3,1,0
35242242,1,5,1,3,1,2,3,4,0
35242242,-1,3,1,3,1,2,3,3,0
35242242,0,1,1,3,1,2,3,2,0
13962932,1,3,2,1,1,1,6,1,0
13962932,0,3,-1,1,1,1,6,2,0
13962932,0,3,0,1,1,1,6,3,0
13962932,0,3,2,1,1,1,6,1,0
13962932,1,1,-1,1,1,1,6,2,0
21017840,1,3,1,3,2,1,3,1,0
21017840,0,3,2,3,2,1,3,2,0
21017840,0,3,2,3,2,1,3,3,0
21017840,0,3,1,3,2,1,3,1,0
21017840,1,1,0,3,2,1,3,2,0
21490602,1,3,0,3,1,2,2,1,0
21490602,0,3,-1,3,1,2,2,2,0
21490602,0,3,-1,3,1,2,2,3,0
21490602,0,3,0,3,1,2,2,1,0
21490602,1,1,-1,3,1,2,2,2,0
34898132,1,5,0,1,2,2,1,3,0
34898132,0,1,1,1,2,2,1,1,0
34898132,0,1,0,1,2,2,1,3,0
34898132,0,5,-1,1,2,2,1,4,0
34898132,1,1,0,1,2,2,1,1,0
36304114,1,5,1,4,2,1,3,3,0
36304114,0,1,1,4,2,1,3,1,0
36304114,0,1,1,4,2,1,3,3,0
36304114,0,5,1,4,2,1,3,4,0
36304114,1,1,2,4,2,1,3,1,0
34694174,1,5,1,3,2,1,3,3,0
34694174,0,1,2,3,2,1,3,1,0
34694174,0,1,2,3,2,1,3,3,0
34694174,0,5,1,3,2,1,3,4,0
34694174,1,1,1,3,2,1,3,1,0
12009597,-1,3,0,1,1,2,6,2,0
12009597,1,1,1,1,1,2,6,1,0
12009597,0,3,1,1,1,2,6,2,0
12009597,1,1,1,1,1,2,6,3,0
12009597,0,1,0,1,1,2,6,3,0
30461260,-1,3,1,1,2,1,1,2,0
30461260,1,1,0,1,2,1,1,1,0
30461260,0,3,1,1,2,1,1,2,0
30461260,1,1,-1,1,2,1,1,3,0
30461260,0,1,0,1,2,1,1,3,0
36882579,-1,3,1,1,2,2,1,2,0
36882579,1,1,1,1,2,2,1,1,0
36882579,0,3,1,1,2,2,1,2,0
36882579,1,1,1,1,2,2,1,3,0
36882579,0,1,1,1,2,2,1,3,0
36354308,-1,3,1,1,1,1,1,3,0
36354308,-1,3,-1,1,1,1,1,1,0
36354308,1,2,1,1,1,1,1,2,0
36354308,0,1,-1,1,1,1,1,1,0
36354308,0,3,0,1,1,1,1,3,0
35408915,-1,3,1,2,2,2,4,3,0
35408915,-1,3,-1,2,2,2,4,1,0
35408915,1,2,1,2,2,2,4,2,0
35408915,0,1,1,2,2,2,4,1,0
35408915,0,3,1,2,2,2,4,3,0
30285892,-1,3,0,1,1,2,3,3,0
30285892,-1,3,1,1,1,2,3,1,0
30285892,1,2,1,1,1,2,3,2,0
30285892,0,1,0,1,1,2,3,1,0
30285892,0,3,2,1,1,2,3,3,0
34510906,-1,1,0,2,2,1,2,1,0
34510906,-1,1,1,2,2,1,2,3,0
34510906,-1,3,1,2,2,1,2,3,0
34510906,0,4,1,2,2,1,2,2,0
34510906,1,4,1,2,2,1,2,3,0
34737109,-1,1,1,4,1,2,1,1,0
34737109,-1,1,1,4,1,2,1,3,0
34737109,-1,3,0,4,1,2,1,3,0
34737109,0,4,-1,4,1,2,1,2,0
34737109,1,4,1,4,1,2,1,3,0
33565158,-1,1,1,1,1,1,3,1,0
33565158,-1,1,1,1,1,1,3,3,0
33565158,-1,3,1,1,1,1,3,3,0
33565158,0,4,0,1,1,1,3,2,0
33565158,1,4,1,1,1,1,3,3,0
34098234,0,4,0,2,2,1,3,4,0
34098234,0,4,1,2,2,1,3,3,0
34098234,1,2,0,2,2,1,3,1,0
34098234,-1,3,0,2,2,1,3,2,0
34098234,0,4,-1,2,2,1,3,1,0
33467170,0,4,1,1,2,1,3,4,0
33467170,0,4,1,1,2,1,3,3,0
33467170,1,2,1,1,2,1,3,1,0
33467170,-1,3,1,1,2,1,3,2,0
33467170,0,4,1,1,2,1,3,1,0
36761089,0,4,2,1,1,1,6,4,0
36761089,0,4,1,1,1,1,6,3,0
36761089,1,2,1,1,1,1,6,1,0
36761089,-1,3,1,1,1,1,6,2,0
36761089,0,4,1,1,1,1,6,1,0
35959061,0,3,0,2,2,1,2,3,1
35959061,1,1,0,2,2,1,2,3,1
35959061,-1,3,1,2,2,1,2,1,1
35959061,0,3,2,2,2,1,2,1,1
35959061,-1,3,1,2,2,1,2,2,1
34510906,0,3,0,2,2,1,2,3,1
34510906,1,1,0,2,2,1,2,3,1
34510906,-1,3,0,2,2,1,2,1,1
34510906,0,3,1,2,2,1,2,1,1
34510906,-1,3,0,2,2,1,2,2,1
7876293,0,3,1,1,1,3,1,3,1
7876293,1,1,0,1,1,3,1,3,1
7876293,-1,3,1,1,1,3,1,1,1
7876293,0,3,1,1,1,3,1,1,1
7876293,-1,3,1,1,1,3,1,2,1
11102360,0,3,0,4,2,3,1,3,1
11102360,1,2,0,4,2,3,1,3,1
11102360,0,3,0,4,2,3,1,1,1
11102360,-1,3,0,4,2,3,1,2,1
11102360,1,1,0,4,2,3,1,2,1
9559045,0,3,1,2,1,2,4,3,1
9559045,1,2,1,2,1,2,4,3,1
9559045,0,3,1,2,1,2,4,1,1
9559045,-1,3,1,2,1,2,4,2,1
9559045,1,1,1,2,1,2,4,2,1
32641084,0,3,1,3,2,1,3,3,1
32641084,1,2,0,3,2,1,3,3,1
32641084,0,3,1,3,2,1,3,1,1
32641084,-1,3,0,3,2,1,3,2,1
32641084,1,1,-1,3,2,1,3,2,1
36354308,0,3,0,1,1,1,1,3,1
36354308,1,1,0,1,1,1,1,4,1
36354308,1,1,0,1,1,1,1,4,1
36354308,0,5,0,1,1,1,1,2,1
36354308,1,3,2,1,1,1,1,2,1
18053528,0,3,0,4,2,2,7,3,1
18053528,1,1,0,4,2,2,7,4,1
18053528,1,1,0,4,2,2,7,4,1
18053528,0,5,0,4,2,2,7,2,1
18053528,1,3,0,4,2,2,7,2,1
32055577,0,3,1,1,2,3,3,3,1
32055577,1,1,1,1,2,3,3,4,1
32055577,1,1,1,1,2,3,3,4,1
32055577,0,5,1,1,2,3,3,2,1
32055577,1,3,1,1,2,3,3,2,1
36917158,-1,3,0,4,1,1,1,1,1
36917158,0,3,1,4,1,1,1,1,1
36917158,0,2,0,4,1,1,1,1,1
36917158,1,2,-1,4,1,1,1,1,1
36917158,-1,4,0,4,1,1,1,2,1
23149109,-1,3,0,3,2,2,3,1,1
23149109,0,3,2,3,2,2,3,1,1
23149109,0,2,0,3,2,2,3,1,1
23149109,1,2,2,3,2,2,3,1,1
23149109,-1,4,1,3,2,2,3,2,1
37207829,-1,3,2,2,2,4,5,1,1
37207829,0,3,-2,2,2,4,5,1,1
37207829,0,2,0,2,2,4,5,1,1
37207829,1,2,0,2,2,4,5,1,1
37207829,-1,4,-2,2,2,4,5,2,1
35242242,-1,4,1,3,1,2,3,3,1
35242242,0,1,1,3,1,2,3,4,1
35242242,1,4,1,3,1,2,3,1,1
35242242,0,2,1,3,1,2,3,2,1
35242242,0,1,1,3,1,2,3,2,1
25955589,-1,4,1,1,1,2,6,3,1
25955589,0,1,1,1,1,2,6,4,1
25955589,1,4,0,1,1,2,6,1,1
25955589,0,2,0,1,1,2,6,2,1
25955589,0,1,0,1,1,2,6,2,1
28081782,-1,4,1,2,2,1,2,3,1
28081782,0,1,-1,2,2,1,2,4,1
28081782,1,4,-2,2,2,1,2,1,1
28081782,0,2,-2,2,2,1,2,2,1
28081782,0,1,-1,2,2,1,2,2,1
7333195,-1,4,1,4,1,2,2,3,1
7333195,0,4,1,4,1,2,2,3,1
7333195,0,3,1,4,1,2,2,3,1
7333195,1,1,-1,4,1,2,2,4,1
7333195,1,1,0,4,1,2,2,1,1
18386513,-1,4,1,2,1,2,4,3,1
18386513,0,4,0,2,1,2,4,3,1
18386513,0,3,1,2,1,2,4,3,1
18386513,1,1,1,2,1,2,4,4,1
18386513,1,1,1,2,1,2,4,1,1
30461260,-1,4,0,1,2,1,1,3,1
30461260,0,4,1,1,2,1,1,3,1
30461260,0,3,1,1,2,1,1,3,1
30461260,1,1,0,1,2,1,1,4,1
30461260,1,1,0,1,2,1,1,1,1
36858304,-1,3,0,1,2,1,1,4,1
36858304,-1,3,1,1,2,1,1,4,1
36858304,0,1,1,1,2,1,1,4,1
36858304,1,1,0,1,2,1,1,4,1
36858304,1,2,1,1,2,1,1,2,1
35942389,-1,3,1,3,2,1,2,4,1
35942389,-1,3,2,3,2,1,2,4,1
35942389,0,1,1,3,2,1,2,4,1
35942389,1,1,1,3,2,1,2,4,1
35942389,1,2,2,3,2,1,2,2,1
21017840,-1,3,1,3,2,1,3,4,1
21017840,-1,3,0,3,2,1,3,4,1
21017840,0,1,2,3,2,1,3,4,1
21017840,1,1,1,3,2,1,3,4,1
21017840,1,2,1,3,2,1,3,2,1
33280016,-1,3,0,2,1,1,7,3,1
33280016,-1,4,-1,2,1,1,7,4,1
33280016,-1,3,1,2,1,1,7,4,1
33280016,0,1,1,2,1,1,7,4,1
33280016,1,1,2,2,1,1,7,2,1
24170547,-1,3,0,3,2,4,2,3,1
24170547,-1,4,0,3,2,4,2,4,1
24170547,-1,3,0,3,2,4,2,4,1
24170547,0,1,0,3,2,4,2,4,1
24170547,1,1,0,3,2,4,2,2,1
11106820,-1,3,0,1,2,3,3,3,1
11106820,-1,4,0,1,2,3,3,4,1
11106820,-1,3,0,1,2,3,3,4,1
11106820,0,1,0,1,2,3,3,4,1
11106820,1,1,0,1,2,3,3,2,1
36304114,-1,4,1,4,2,1,3,3,1
36304114,-1,3,1,4,2,1,3,4,1
36304114,-1,4,1,4,2,1,3,4,1
36304114,0,1,1,4,2,1,3,4,1
36304114,1,2,1,4,2,1,3,1,1
34694174,-1,4,2,3,2,1,3,3,1
34694174,-1,3,2,3,2,1,3,4,1
34694174,-1,4,2,3,2,1,3,4,1
34694174,0,1,2,3,2,1,3,4,1
34694174,1,2,2,3,2,1,3,1,1
33345368,-1,4,1,1,1,1,1,3,1
33345368,-1,3,0,1,1,1,1,4,1
33345368,-1,4,1,1,1,1,1,4,1
33345368,0,1,1,1,1,1,1,4,1
33345368,1,2,0,1,1,1,1,1,1
36517633,-1,3,1,3,1,1,1,4,1
36517633,0,1,1,3,1,1,1,4,1
36517633,-1,3,2,3,1,1,1,1,1
36517633,1,1,2,3,1,1,1,1,1
36517633,-1,3,2,3,1,1,1,2,1
36871506,-1,3,1,3,2,1,3,4,1
36871506,0,1,1,3,2,1,3,4,1
36871506,-1,3,1,3,2,1,3,1,1
36871506,1,1,1,3,2,1,3,1,1
36871506,-1,3,1,3,2,1,3,2,1
31063905,-1,3,1,1,1,1,3,4,1
31063905,0,1,1,1,1,1,3,4,1
31063905,-1,3,1,1,1,1,3,1,1
31063905,1,1,2,1,1,1,3,1,1
31063905,-1,3,0,1,1,1,3,2,1
25111984,0,3,0,1,1,3,1,4,1
25111984,1,1,0,1,1,3,1,4,1
25111984,1,2,0,1,1,3,1,4,1
25111984,0,1,-1,1,1,3,1,1,1
25111984,0,3,-1,1,1,3,1,2,1
36263705,0,3,-1,4,2,2,3,4,1
36263705,1,1,-1,4,2,2,3,4,1
36263705,1,2,-1,4,2,2,3,4,1
36263705,0,1,-1,4,2,2,3,1,1
36263705,0,3,-1,4,2,2,3,2,1
30513549,0,3,1,2,2,2,4,4,1
30513549,1,1,1,2,2,2,4,4,1
30513549,1,2,1,2,2,2,4,4,1
30513549,0,1,2,2,2,2,4,1,1
30513549,0,3,1,2,2,2,4,2,1
36882579,-1,4,1,1,2,2,1,1,1
36882579,-1,3,1,1,2,2,1,1,1
36882579,-1,4,0,1,2,2,1,1,1
36882579,1,5,1,1,2,2,1,1,1
36882579,0,3,1,1,2,2,1,2,1
36304905,-1,4,1,2,1,1,7,1,1
36304905,-1,3,1,2,1,1,7,1,1
36304905,-1,4,1,2,1,1,7,1,1
36304905,1,5,0,2,1,1,7,1,1
36304905,0,3,-1,2,1,1,7,2,1
25501853,-1,4,0,2,1,2,2,1,1
25501853,-1,3,1,2,1,2,2,1,1
25501853,-1,4,1,2,1,2,2,1,1
25501853,1,5,1,2,1,2,2,1,1
25501853,0,3,0,2,1,2,2,2,1
32424428,0,3,0,1,2,1,1,3,1
32424428,1,1,0,1,2,1,1,3,1
32424428,1,1,0,1,2,1,1,3,1
32424428,-1,3,0,1,2,1,1,1,1
32424428,0,1,1,1,2,1,1,2,1
35408915,0,3,0,2,2,2,4,3,1
35408915,1,1,0,2,2,2,4,3,1
35408915,1,1,1,2,2,2,4,3,1
35408915,-1,3,0,2,2,2,4,1,1
35408915,0,1,0,2,2,2,4,2,1
34178978,0,3,2,1,2,1,2,3,1
34178978,1,1,2,1,2,1,2,3,1
34178978,1,1,1,1,2,1,2,3,1
34178978,-1,3,2,1,2,1,2,1,1
34178978,0,1,2,1,2,1,2,2,1
1944668,0,4,1,3,1,4,4,3,1
1944668,1,1,0,3,1,4,4,3,1
1944668,0,3,2,3,1,4,4,4,1
1944668,-1,3,0,3,1,4,4,2,1
1944668,-1,3,1,3,1,4,4,2,1
34898132,0,4,1,1,2,2,1,3,1
34898132,1,1,-1,1,2,2,1,3,1
34898132,0,3,0,1,2,2,1,4,1
34898132,-1,3,-1,1,2,2,1,2,1
34898132,-1,3,0,1,2,2,1,2,1
22345789,0,4,1,3,1,3,5,3,1
22345789,1,1,1,3,1,3,5,3,1
22345789,0,3,0,3,1,3,5,4,1
22345789,-1,3,1,3,1,3,5,2,1
22345789,-1,3,1,3,1,3,5,2,1
33591819,-1,1,2,1,2,1,1,4,1
33591819,-1,3,1,1,2,1,1,4,1
33591819,-1,4,1,1,2,1,1,4,1
33591819,0,3,1,1,2,1,1,4,1
33591819,1,1,1,1,2,1,1,2,1
34098234,-1,1,0,1,2,1,3,4,1
34098234,-1,3,0,1,2,1,3,4,1
34098234,-1,4,-1,1,2,1,3,4,1
34098234,0,3,0,1,2,1,3,4,1
34098234,1,1,0,1,2,1,3,2,1
33467170,-1,1,1,1,2,1,3,4,1
33467170,-1,3,0,1,2,1,3,4,1
33467170,-1,4,0,1,2,1,3,4,1
33467170,0,3,0,1,2,1,3,4,1
33467170,1,1,1,1,2,1,3,2,1
6579519,1,3,1,1,1,2,1,3,1
6579519,-1,3,0,1,1,2,1,4,1
6579519,1,1,1,1,1,2,1,4,1
6579519,-1,4,1,1,1,2,1,2,1
6579519,-1,3,1,1,1,2,1,2,1
32672123,1,3,0,1,2,2,1,3,1
32672123,-1,3,1,1,2,2,1,4,1
32672123,1,1,2,1,2,2,1,4,1
32672123,-1,4,1,1,2,2,1,2,1
32672123,-1,3,1,1,2,2,1,2,1
12009597,1,3,0,1,1,2,6,3,1
12009597,-1,3,1,1,1,2,6,4,1
12009597,1,1,1,1,1,2,6,4,1
12009597,-1,4,0,1,1,2,6,2,1
12009597,-1,3,0,1,1,2,6,2,1
29571331,0,3,2,3,2,1,6,3,1
29571331,-1,4,2,3,2,1,6,1,1
29571331,1,1,2,3,2,1,6,2,1
29571331,1,2,2,3,2,1,6,2,1
29571331,1,3,0,3,2,1,6,2,1
27914150,0,3,-1,4,1,1,6,3,1
27914150,-1,4,0,4,1,1,6,1,1
27914150,1,1,0,4,1,1,6,2,1
27914150,1,2,0,4,1,1,6,2,1
27914150,1,3,0,4,1,1,6,2,1
37198978,0,3,2,3,1,2,5,3,1
37198978,-1,4,-2,3,1,2,5,1,1
37198978,1,1,2,3,1,2,5,2,1
37198978,1,2,1,3,1,2,5,2,1
37198978,1,3,-1,3,1,2,5,2,1
33427067,-1,3,0,1,1,2,3,3,1
33427067,1,1,0,1,1,2,3,4,1
33427067,1,5,1,1,1,2,3,4,1
33427067,0,3,0,1,1,2,3,1,1
33427067,0,1,0,1,1,2,3,2,1
37078496,-1,3,1,2,2,1,2,3,1
37078496,1,1,1,2,2,1,2,4,1
37078496,1,5,1,2,2,1,2,4,1
37078496,0,3,0,2,2,1,2,1,1
37078496,0,1,1,2,2,1,2,2,1
32916723,-1,3,1,2,1,2,6,3,1
32916723,1,1,1,2,1,2,6,4,1
32916723,1,5,0,2,1,2,6,4,1
32916723,0,3,1,2,1,2,6,1,1
32916723,0,1,0,2,1,2,6,2,1
36603404,0,3,1,4,2,2,3,3,1
36603404,0,3,0,4,2,2,3,1,1
36603404,1,3,0,4,2,2,3,1,1
36603404,0,3,-1,4,2,2,3,2,1
36603404,1,1,-1,4,2,2,3,2,1
9383666,0,3,0,2,2,3,5,3,1
9383666,0,3,1,2,2,3,5,1,1
9383666,1,3,1,2,2,3,5,1,1
9383666,0,3,-1,2,2,3,5,2,1
9383666,1,1,-1,2,2,3,5,2,1
34737109,0,3,0,4,1,2,1,3,1
34737109,0,3,1,4,1,2,1,1,1
34737109,1,3,1,4,1,2,1,1,1
34737109,0,3,2,4,1,2,1,2,1
34737109,1,1,2,4,1,2,1,2,1
36737825,0,1,-1,2,1,1,2,3,1
36737825,1,5,0,2,1,1,2,3,1
36737825,0,5,0,2,1,1,2,4,1
36737825,0,1,1,2,1,1,2,1,1
36737825,1,1,2,2,1,1,2,1,1
36807032,0,1,1,2,2,1,2,3,1
36807032,1,5,1,2,2,1,2,3,1
36807032,0,5,-1,2,2,1,2,4,1
36807032,0,1,0,2,2,1,2,1,1
36807032,1,1,1,2,2,1,2,1,1
29936162,0,1,0,3,2,1,7,3,1
29936162,1,5,1,3,2,1,7,3,1
29936162,0,5,1,3,2,1,7,4,1
29936162,0,1,1,3,2,1,7,1,1
29936162,1,1,1,3,2,1,7,1,1
36296882,0,1,0,4,1,1,2,3,1
36296882,1,1,-1,4,1,1,2,3,1
36296882,1,1,0,4,1,1,2,1,1
36296882,-1,3,0,4,1,1,2,2,1
36296882,0,3,0,4,1,1,2,2,1
36747744,0,1,-1,2,2,1,2,3,1
36747744,1,1,0,2,2,1,2,3,1
36747744,1,1,0,2,2,1,2,1,1
36747744,-1,3,-1,2,2,1,2,2,1
36747744,0,3,1,2,2,1,2,2,1
21678835,0,1,1,1,2,2,3,3,1
21678835,1,1,0,1,2,2,3,3,1
21678835,1,1,0,1,2,2,3,1,1
21678835,-1,3,0,1,2,2,3,2,1
21678835,0,3,0,1,2,2,3,2,1
27770607,-1,3,1,2,2,2,5,3,1
27770607,0,3,1,2,2,2,5,3,1
27770607,-1,3,0,2,2,2,5,1,1
27770607,0,1,1,2,2,2,5,1,1
27770607,1,2,1,2,2,2,5,2,1
36187807,-1,3,0,1,1,2,1,3,1
36187807,0,3,0,1,1,2,1,3,1
36187807,-1,3,0,1,1,2,1,1,1
36187807,0,1,0,1,1,2,1,1,1
36187807,1,2,0,1,1,2,1,2,1
36461899,-1,3,1,2,2,1,2,3,1
36461899,0,3,1,2,2,1,2,3,1
36461899,-1,3,1,2,2,1,2,1,1
36461899,0,1,1,2,2,1,2,1,1
36461899,1,2,1,2,2,1,2,2,1
36761089,-1,1,1,4,1,1,6,3,1
36761089,-1,3,1,4,1,1,6,3,1
36761089,1,4,1,4,1,1,6,3,1
36761089,-1,1,1,4,1,1,6,1,1
36761089,0,4,-1,4,1,1,6,2,1
36313064,-1,1,1,1,2,1,3,3,1
36313064,-1,3,1,1,2,1,3,3,1
36313064,1,4,1,1,2,1,3,3,1
36313064,-1,1,0,1,2,1,3,1,1
36313064,0,4,0,1,2,1,3,2,1
2034278,-1,1,1,3,2,2,2,3,1
2034278,-1,3,1,3,2,2,2,3,1
2034278,1,4,1,3,2,2,2,3,1
2034278,-1,1,1,3,2,2,2,1,1
2034278,0,4,1,3,2,2,2,2,1
33245009,0,4,1,3,1,2,3,3,1
33245009,0,4,0,3,1,2,3,4,1
33245009,0,4,1,3,1,2,3,1,1
33245009,1,2,0,3,1,2,3,1,1
33245009,-1,3,0,3,1,2,3,2,1
31906954,0,4,1,1,2,2,3,3,1
31906954,0,4,0,1,2,2,3,4,1
31906954,0,4,0,1,2,2,3,1,1
31906954,1,2,1,1,2,2,3,1,1
31906954,-1,3,0,1,2,2,3,2,1
34938843,0,4,2,1,2,1,1,3,1
34938843,0,4,2,1,2,1,1,4,1
34938843,0,4,2,1,2,1,1,1,1
34938843,1,2,2,1,2,1,1,1,1
34938843,-1,3,2,1,2,1,1,2,1
